
 Re             =          157.00000000000000     
 x0             =         -5.0000000000000000     
 xl             =          8.0000000000000000     
 y0             =         -5.0000000000000000     
 yl             =          8.0000000000000000     

 nx             =                513
 ny             =                513
 ns             =                256
 ms             =                  1
 dx             =          1.5594541910331383E-002
 dy             =          1.5594541910331383E-002

 icfl           =                  0
 cflc           =         0.50000000000000000     
 cflv           =         0.50000000000000000     
 nstart         =                  1
 nend           =              20000
 nstep          =              20000
 tstart         =          0.0000000000000000     
 tend           =          78.539999999996809     
 dtcfl          =          1.0000000000000000E-002
 dt0            =          3.9269999999999999E-003

 isingular      =                  1
 move           =                  1

 total time     =         0.87087029351128475       hours
 beginning time :
 Date: 20150922
 Time: 09:43:54
 ending time    :
 Date: 20150922
 Time: 10:36:11
