
 Re             =          40.000000000000000     
 x0             =         -10.000000000000000     
 xl             =          40.000000000000000     
 y0             =         -7.5000000000000000     
 yl             =          15.000000000000000     

 nx             =               1201
 ny             =                451
 ns             =                256
 ms             =                  1
 dx             =          3.3305578684429640E-002
 dy             =          3.3259423503325940E-002

 icfl           =                  1
 cflc           =         0.50000000000000000     
 cflv           =         0.50000000000000000     
 nstart         =                  1
 nend           =                  0
 nstep          =                  0
 tstart         =          0.0000000000000000     
 tend           =          0.0000000000000000     
 dtcfl          =          1.0000000000000000E-002
 dt0            =          1.0000000000000000E-002

 isingular      =                  0
 move           =                  0

 total time     =          7.7111111746893985E-004  hours
 beginning time :
 Date: 20170324
 Time: 14:51:46
 ending time    :
 Date: 20170324
 Time: 14:51:48
