
 Re             =          40.000000000000000     
 x0             =         -8.0000000000000000     
 xl             =          32.000000000000000     
 y0             =         -8.0000000000000000     
 yl             =          16.000000000000000     

 nx             =               1601
 ny             =                801
 ns             =                256
 ms             =                  2
 dx             =          1.9987507807620236E-002
 dy             =          1.9975031210986267E-002

 icfl           =                  1
 cflc           =         0.50000000000000000     
 cflv           =         0.50000000000000000     
 nstart         =                  1
 nend           =              20000
 nstep          =              20000
 tstart         =          0.0000000000000000     
 tend           =          79.527513558417866     
 dtcfl          =          1.0000000000000000E-002
 dt0            =          1.0000000000000000E-002

 isingular      =                  1
 move           =                  0

 total time     =          7.2164648437499999       hours
 beginning time :
 Date: 20151001
 Time: 09:36:17
 ending time    :
 Date: 20151001
 Time: 16:49:20
